0020
0020
0020
0020
0020
0020
0020
0020
0020
0020
0020
0020
0052
0075
006E
0020
0043
006F
0073
004D
006F
0073
0020
0050
0061
0079
0020
006F
006E
0020
0079
006F
0075
0072
0020
006F
0077
006E
0020
0073
0065
0072
0076
0065
0072
0073
0020
0077
0069
0074
0068
0020
007A
0065
0072
006F
0020
006D
0069
0064
0064
006C
0065
006D
0065
006E
002C
0020
007A
0065
0072
006F
0020
0074
0065
006C
0065
006D
0065
0074
0072
0079
002C
0020
0061
006E
0064
0020
0031
0030
0030
0025
0020
0064
0061
0074
0061
0020
0073
006F
0076
0065
0072
0065
0069
0067
006E
0074
0079
002E
